976341
304549
675326
669842
104702
844843
402261
180372
972323
364919
908349
210777
112514
863213
881459
229799
521225
69572
402748
324691
247882
953584
585857
509914
896547
902571
255686
121293
500985
298902
548701
482536
607534
263513
838743
2537
426506
318751
871892
189972
737040
311209
13149
419118
740154
465142
696102
490618
559636
316990
327363
652427
391668
422329
728741
469056
110778
879349
728920
631038
143743
589906
56583
261377
687039
111140
583
516252
521003
147621
514539
378274
24762
123570
934212
496337
170213
603921
869156
27677
869630
851704
942486
393534
93030
897594
397226
2550
449023
773734
213038
24758
736152
541520
463547
4464
709273
348180
225795
825720