524397
313984
794320
493820
727976
79552
645071
504152
794987
125905
937223
185304
759257
358458
705184
996825
584965
629656
79793
232624
816501
217226
165574
506603
38141
915578
763319
203693
451440
531438
813106
699018
58527
730068
380237
984433
911823
680001
188723
697971
550046
281123
819627
308273
498910
986830
16153
874696
335224
505166
200217
484386
793145
543842
114849
932011
353765
737728
296214
946866
317226
851762
539337
292154
504726
834608
809919
27242
337792
426291
123426
65832
476147
56207
789808
901773
500143
955057
840785
497253
67745
197089
706626
979973
987536
267099
187337
963479
953728
923945
132124
85217
954245
701516
660405
196105
81972
312880
166758
909177
692604
392663
439461
755303
92278
968380
769225
679696
717623
747820
184381
116369
985314
80875
796120
285904
393862
94490
44681
666300
971609
753818
386489
116627
170417
894436
190439
732665
361188
14954
83660
861491
959829
163783
771780
49308
299405
726142
452810
308885
268540
301453
930288
653517
863148
464517
699762
731011
899670
945920
851785
8847
781476
117055
443475
462420
939164
449099
691113
725330
426430
724243
295306
504525
621457
668766
875405
722147
598048
48344
231614
508216
359932
534820
142526
556012
432426
39630
34563
231935
579959
867313
334794
986757
220161
256072
269976
786745
658809
945839
762068
6803
814724
167395
821337
61515
929261
281288
942833
335898
755750
378204
277240
640654
774140
235588
529747
821381
919503
990200
959481
315550
360790
346128
696745
582565
976183
306810
346000
616862
281303
373835
748095
52759
277702
349284
997348
434749
933982
693408
293668
216136
293006
869534
253500
699732
163359
409827
953486
549511
780864
824518
97081
864287
538909
179582
656535
355473
457196
669056
62492
829842
361718
514028
282275
347729
40690
320862
659858
609668
435756
405077
241767
647559
783473
755828
178332
172839
97547
625298
674075
325820
783149
810578
175560
197707
910803
542722
297589
796375
26406
408046
188363
731266
657164
429669
680056
645735
765382
591065
908906
750766
770922
109154
753266
835519
512238
697502
412009
526301
941437
54955
624019
309902
725923
916171
529019
313692
982042
212308
222717
482913
297780
45543
930318
65
540065
787297
393992
434202
959010
417856
184469
939043
247041
501370
431499
292322
916092
636225
522178
622832
791055
503593
860939
954582
801447
898247
518178
706561
556696
779771
896026
54341
376052
996470
83458
714939
524140
400608
784616
534777
974840
778597
984313
990170
364554
785768
914667
507526
957133
89467
369382
875651
896134
278300
437674
194814
137170
73714
407578
339189
215240
335878
39456
637656
46656
953181
577920
886865
679482
245841
336704
614489
630824
545840
298721
633392
506779
875918
77930
460229
21081
684048
589253
615982
184250
912778
792769
103989
907143
987359
137108
111969
474643
232579
672780
467854
172513
853606
545154
958256
801862
894925
420530
855287
444823
917960
603665
737481
590652
457054
196425
935068
127456
998113
69188
700648
770775
68668
118931
605035
569632
536132
424565
216646
490994
38539
852034
427793
379841
1422
975381
961090
586101
776518
985846
864505
802516
604494
553288
807527
815374
610376
690804
668744
355330
25060
938800
585627
988663
83671
504869
210728
420369
237064
358992
894907
569791
117500
588463
333579
898921
327774
437509
457595
806788
405705
413967
875414
141785
668724
465302
37941
829136
503947
999634
346077
850699
698758
699748
17253
866964
418513
256054
757553
787456
846219
676746
925908
185169
570125
494437
752564
886400
802788
987199
575231
737763
136779
673316
519797
653333
141715
767526
433038
791686
222988
866606
296030
517819
271108
529706
541206
672343
293866
933114
443745
779044
573403
270447
17771
115799
509278
60033
734665
482346
528658
63719
259716
751898
637374
626306
620653
551387
260764
521763
554286
111729
264256
676339
262315
955362
690063
645755
696497
990550
966262
23328
845455
826897
443048
560025
507389
607567
180516
479437
859270
76514
336257
148356
424239
743354
676490
713026
878375
120725
311556
317086
750777
884743
646873
146378
317514
471860
282719
517040
482576
175296
50446
758072
571336
419057
38811
931185
857872
31363
197972
393429
305811
438865
934107
479419
925035
428133
863541
708306
416867
36731
477931
672640
744768
313102
454396
364704
138934
154140
189370
578723
95068
481469
618568
890138
774591
853727
332604
20731
141494
946507
28329
659466
294464
887623
579489
166477
171883
3368
743918
389341
536010
327581
180860
790883
319464
145268
39268
267918
752236
982407
783330
248195
940233
835167
425968
397494
204464
731684
431454
717070
835121
273027
513948
25106
800388
152452
164211
364014
48310
202332
377643
353369
801752
583664
703064
259690
433260
137662
926768
826467
902992
790009
304868
292865
666607
859412
494825
199220
523836
299573
929688
197251
343163
82404
95103
741210
147284
500913
783172
563920
394348
151497
169302
256265
928034
931452
730600
459972
473668
219959
468555
970333
194206
378494
537555
939041
404450
496775
958902
110444
962247
172659
895962
979291
479627
834582
84264
966531
924492
97360
677140
11545
303344
861125
950476
697977
253419
673649
588450
275622
817226
676429
593857
323468
105695
339772
604726
927156
503982
630461
607323
711770
69885
360764
644967
185732
550039
215304
911926
797627
410165
348197
503273
272414
592097
650879
431208
258449
368479
590304
353132
192130
999662
449266
213871
900564
502558
420364
514769
167686
993146
92071
520082
314017
580347
369877
795426
226874
387683
147386
239370
443359
416923
696045
886631
444682
406119
755778
929005
625961
237020
641977
372042
306048
83096
735879
405161
976425
59264
433378
988738
612441
218698
946967
129246
648028
887277
263553
715234
294348
357299
633599
46585
889761
415529
669502
846818
157514
83670
542104
598677
779272
682822
710532
238375
552588
127757
472877
700074
258731
507495
45874
738158
219972
257489
630768
616997
970461
117722
568398
734405
277587
592475
788057
263326
452593
889742
387888
593832
963583
217871
351836
976512
742607
324667
127850
917886
356102
123533
853845
853245
193238
691659
310774
194479
121024
297171
371244
927528
225439
245983
862617
26170
748848
834980
404171
208978
334642
734359
356814
929545
903153
777680
675143
703346
480438
641273
318246
893330
660156
584094
37780
835375
869712
359642
139748
605068
387977
311555
74516
383511
571515
123345
404165
342452
375459
975139
588136
290490
411353
701065
506827
191200
248430
489108
977615
742622
155721
788515
25982
734597
326543
534653
580822
220933
810519
325663
538240
459286
364446
720086
708237
679186
526788
41327
986934
452985
26004
333030
365289
183531
381680
475915
869520
537074
158403
73420
213394
240250
72280
116608
454100
440022
957740
283931
487161
352204
321316
24683
701713
331731
184139
763186
77053
52754
961705
502188
866531
752928
141685
274582
608812
854829
170966
838837
319306
23547
113467
990143
346534
935339
318988
537762
518951
324935
468169
202657
816163
639789
619680
416179
79556
85958
120029
789392
622126
348981
340270
87037
887898
254543
302001
11834
914292
776653
561566
378652
963583
856869
974709
174417
7221
50405
271090
126028
368623
773443
111683
58799
557998
153781
887453
623471
649588
28694
686701
904878
250489
341476
94989
630355
263538
84037
53128
594261
247284
137293
195923
195279
483410
56092
132256
95361
805044
996799
268728
604349
739512
710793
610499
54094
364292
483728
841891
661688
624089
261048
382015
591413
1689
955520
27475
386809
703226
867516
750585
500911
905750
945619
830154
751483
390756
904524
899946
833353
204613
744896
389168
675099
656256
35459
356156
160955
102563
124021
76575
894001
164179
946062
673350
146602
124009
476710
796449
313883
383195
362260
688750
436786
185977
311512
105774
447339
772352
548758
544065
859080
760227
274758
807472
671771
460970
372705
322656
761683
647604
983622
238886
500096
137548
836404
102407
928741
401216
83627
761338
713632
818273
753667
177240
936033
454598
89851
352107
2263
537819
815473
439374
530883
80060
612878
912751
839775
704621
18338
683409
983519
414794
721147
843389
407486
209634
395345
647576
490582
5714
89447
249322
907
719356
238003
721072
437731
548698
654786
627170
156744
725412
423813
278213
500728
89612
164210
76199
969156
552370
289454
661737
916046
429135
300303
735433
989145
466938
430194
103684
962069
925028
505122
968269
400114
76348
410997
51885
69213
296422
837866
906317
207732
819988
230002
570486
382318
276339
603538
461426
281983
325984
268532
802200
34610
428199
831213
919496
751649
177181
424907
726578
250768
986784
367776
911429
317326
761775
737549
765425
878596
963918
633577
496598
214232
272123
746102
299849
124870
96796
535183
50200
138542
92078
659710
325147
50541
674890
110164
437663
170118
726190
402667
316317
11180
454726
401456
148088
456665
560589
154630
3683
128644
3586
88646
620438
805020
579316
856889
99425
21670
764278
937898
118054
59769
989001
235861
15321
501662
426213
914789
964644
356240
874715
809137
761965
200434
222978
967529
342744
546024
235884
350946
973321
942655
596495
308827
687819
494211
881916
295363
645263
674923
361515
312236
667507
217334
320624
378676
59570
326315
41298
822287
711880
337868
85267
669150
267029
561357
911594
206396
888523
72191
302581
828167
884783
184204
728058
157736
6914
872649
267447
3010
532356
496468
391069
553186
497995
299884
741609
194199
718289
137001
872848
931663
352410
200603
896208
940019
415571
667101
710587
901318
493450
126545
396950
931921
512700
322393
915795
296036
596838
15949
763390
946538
385791
273037
791646
251784
722217
301187
60499
479908
480757
399655
818029
275394
913269
843757
216742
880667
346918
842200
590645
734411
512177
198369
399067
696662
945354
898044
830026
96078
789994
228106
767079
519335
408043
271475
431773
241152
835213
887888
958899
608305
851408
80566
579887
784903
778450
25819
355002
251317
91241
891327
760427
302813
313136
631913
724715
765288
79061
505596
608031
558864
418637
339929
400067
416517
139649
75621
122431
63943
652416
467714
526965
98646
700783
845342
665477
259532
335045
953693
864902
441624
303324
134685
984620
345431
587000
808906
413304
70632
896189
96956
463964
702341
160052
235640
730491
562333
797055
131869
556582
690499
305247
606608
261906
343964
863558
271135
505317
309666
900634
341964
398672
631489
143824
517134
179691
651696
697446
968808
274804
203571
738247
621911
134576
557786
954468
990482
671525
633946
845448
520742
512148
606134
327201
559244
266243
61548
953020
800167
67660
794935
779208
921302
666430
94375
897572
670594
780659
792171
987478
801494
915372
6117
77246
340885
544345
61752
344049
809508
877466
576961
865933
401496
111312
993965
533668
115715
417255
17502
514419
239237
40128
209654
684529
933622
981433
868911
611668
870558
566533
247351
566467
369790
278157
584310
795649
982838
260082
174552
664982
320576
765532
638324
634843
143328
491796
357824
136820
487248
448771
941949
519639
171618
108509
509407
526596
209269
443789
568793
775072
458178
163212
845983
542634
219297
14526
560783
601647
310299
432601
860916
42220
933502
981728
490537
757841
764893
254610
746861
853481
73390
960012
464429
742273
273667
757532
490416
271991
495490
747416
83243
227914
330334
949804
656770
341051
500159
821800
264931
530720
70153
19952
254786
27670
102018
659672
848359
379158
545685
126238
395100
229677
700907
1252
778207
438898
73233
85816
992813
346265
368249
528688
154512
535478
374254
129493
103684
696183
310612
772405
416508
471832
73656
288204
203478
709846
6646
217853
597580
52695
298193
946609
410936
958183
732325
664590
324726
546750
615522
207013
529774
34672
647134
596195
913443
265016
224935
35113
640051
408551
577402
349497
944019
301390
369258
448669
948405
180920
414673
773484
234607
947086
606578
826150
810048
154526
274313
162024
784380
622511
841440
813501
20296
835468
800478
720334
468499
967229
708611
974537
252940
751336
915453
409436
204107
532475
510711
55730
288595
550569
673513
106156
365418
905186
559632
893482
714376
55814
791448
267550
593405
546006
511849
159962
591441
908128
786504
42160
333494
967194
976728
613507
329713
439098
350737
712594
924463
146597
832111
998506
671773
445007
908347
190568
475683
793217
191284
891171
942317
302027
408152
991083
485448
248568
953876
430784
213663
35050
772460
39732
562191
504283
503043
436072
419020
712087
736554
373133
542883
593818
46714
350529
131610
245908
404553
893418
357034
158580
47682
980737
884870
254754
814771
483122
70887
760080
949880
69320
631795
685563
283394
908237
574981
54160
293900
5081
671066
289166
968058
990647
554421
303810
108331
994162
475105
186537
169337
848305
937062
260490
347122
649792
234998
167922
149646
863938
556668
484251
556469
272189
824122
952791
949803
757154
547853
577235
5121
478608
382105
794808
507468
130338
657292
635746
88657
840877
507045
688621
189635
341303
720071
287402
845152
323040
937013
632967
119926
715400
172076
175143
746570
147619
382660
37719
513640
611128
545249
291889
911486
189896
783761
638686
19988
252813
474708
756932
4609
907450
54083
419057
94032
141775
614943
721908
891457
998740
668872
420565
242443
206622
462202
557552
600
418885
466272
992957
555430
658755
306264
207176
746260
558997
177446
751401
25075
529799
637404
936831
870380
512067
349898
107685
304628
174039
628045
175949
220773
260040
476538
777055
204244
90555
255728
818384
147811
813584
875939
125733
307983
780872
362217
555708
936317
520113
758774
291846
473410
831238
649418
605995
951779
647506
185132
749083
429368
799087
84864
963151
997154
129620
218291
314888
97300
565235
24146
543517
653952
234895
722134
339263
10968
118182
791020
512493
825166
349217
357424
223345
139471
458880
625627
376892
343827
901927
545292
219031
843009
350171
407674
671726
618037
923602
177734
51217
598559
479200
863999
978508
740000
893444
265230
577335
735943
360520
616083
156150
127620
466097
53712
345982
96153
69026
731304
571149
105028
412316
361703
592622
562449
566921
728561
120337
75583
606867
860623
556228
301163
701997
556509
716730
798819
833982
476901
782914
735118
810010
226023
730947
775060
185186
192583
39499
916563
958058
304114
812326
584671
153740
915244
858041
535082
431391
399387
875282
478894
85161
879046
240176
750904
446252
526612
576818
267242
421979
830945
811490
628322
820960
765843
970928
795853
251698
189370
872921
334188
692874
775680
510161
484843
424600
382108
329633
15725
646757
943233
190414
756195
503028
605553
680815
693503
354350
196513
361468
388827
316379
954822
540906
71372
348777
525668
823089
11981
26486
476043
329916
553338
259053
499285
542106
816039
263869
778921
896009
347346
845710
618597
14990
834954
410146
760453
287213
342084
783848
133824
748195
949034
446443
893033
868666
918248
939513
974412
820352
80329
805226
295224
175461
948035
706561
689889
634978
260801
502685
539531
618377
146533
236849
791112
249799
515272
642633
218015
541837
963002
732679
917999
216938
661311
487272
576816
48909
510449
932908
624053
365581
936856
185040
718000
634525
814961
370177
305397
188964
614753
180475
167408
7043
594804
369682
122278
944841
481646
954939
532803
472675
937530
817306
946071
399872
659516
501018
231738
996769
263009
818519
703937
2097
963723
31825
850175
231556
695061
641137
188984
582698
63266
297086
683941
92129
275420
697692
140925
600668
39441
232001
164734
620524
601020
603307
405667
21898
52974
19729
721776
509343
371712
307822
23716
347701
112478
866513
870584
198726
859209
426417
95586
511104
643066
99927
574019
547857
818356
921198
885101
152325
196801
472304
599892
41691
8639
762488
210740
707501
793025
278075
493987
128760
872139
522126
380319
983561
468156
257761
119557
200201
287354
429836
939385
536356
400188
313540
482818
487854
259866
991128
240456
767197
53223
61905
895882
162784
549889
537473
513403
250453
304338
767213
415292
134783
348774
143625
804468
232186
747461
826276
353084
966274
762425
82148
506742
178624
452098
127838
712547
439760
117784
513746
756570
905828
309807
910225
882736
736049
747513
170955
929233
19582
265573
545767
49646
851323
145484
798442
225033
931618
73416
815185
651455
251301
263880
218005
96976
285562
828988
311356
741716
557352
785284
877275
652786
400657
199613
757031
247399
305631
104868
777737
193480
118143
350624
781398
27202
240200
476254
946041
319313
11038
138619
423169
990286
510961
96583
176746
862413
422904
238840
515004
33703
568576
594040
493017
291372
363163
95464
400112
751871
22483
767592
952466
646686
386801
695701
617454
540938
913260
603033
275177
820750
965889
604409
145140
173300
163631
998419
357612
620269
914311
533051
61447
489485
11281
950692
461992
503158
105668
404282
305802
757022
932440
290808
808588
783271
61675
161301
956359
835206
596203
43561
241517
623075
757472
66548
233024
884886
840860
386889
396453
218287
687230
833091
769294
553514
863378
781032
821998
919678
48633
544222
552545
841686
283750
642721
432118
691759
557321
836388
414373
726362
814285
990044
459445
995460
489175
108357
661693
76601
966301
272593
999373
847280
652067
215748
218325
466199
740405
463982
891723
645468
520324
125727
450670
956194
720606
179029
482600
11004
206016
192398
46325
887286
458090
254438
456377
92119
758735
291064
700644
62114
492077
780367
347653
557756
671363
517700
649283
332911
294620
381629
334185
772532
826739
251519
577294
618046
934148
552240
967839
560154
899385
498301
127077
400882
672677
230989
384279
75543
656872
6843
726022
412246
288488
304802
556170
458681
794974
472687
283958
27053
136009
590008
603376
225962
797463
954351
707922
887593
164837
759831
431940
159732
58682
622844
525263
613827
72377
290367
473885
285815
724548
592021
228343
568105
937344
950352
921133
267518
164538
686521
580804
237815
961795
60086
129384
639359
381586
734542
948340
589899
113527
279233
119416
627207
812192
430300
831478
660936
25950
269920
945070
848985
778734
392944
347775
532014
16031
840641
85744
354420
756764
790932
204543
870023
237792
460510
80576
986228
217314
555103
232848
105388
708433
907208
527388
862481
870666
778682
802830
248165
654928
852639
610282
688819
219743
572527
626953
775984
48673
358466
707558
610370
547813
520157
798572
927433
75504
868388
539522
394995
727971
903466
100569
185305
455474
143328
432461
772735
372546
936161
397521
101084
801660
690498
691877
551265
194252
908968
975047
966509
535892
437918
742681
297025
424098
229683
376933
701296
444108
630756
212137
608589
973761
126670
532802
329927
441793
3536
3999
748211
39807
985320
86042
17849
876271
365990
44007
453615
577272
272882
169805
764176
67810
958144
193946
890927
417777
78227
151497
658629
452857
443253
86457
70848
859900
609581
761734
6141
493779
452207
257334
303261
642030
9124
771020
497431
319803
303887
194049
853885
752660
948529
166686
910987
580013
779362
95888
770714
920146
666101
978172
669048
179121
238625
177176
169969
297367
832796
521505
998090
698011
448746
629632
421434
973615
507200
443236
119660
285479
413022
857644
951420
966130
764389
254971
65470
513171
39909
106003
436898
105278
970368
602026
532655
46833
889436
638668
145977
928720
247277
823494
763524
792736
343469
585186
308552
618707
781734
592972
42492
812107
216377
607022
787222
138945
672611
588897
332452
579660
334885
222637
517375
991904
188893
59725
703362
300338
85804
191140
54535
62614
335493
469573
736338
256426
754274
488449
92508
213816
348203
326112
416124
894025
518433
637184
461192
240889
256128
641344
979072
123542
517974
237218
664046
603261
125135
542713
600849
887124
251982
37335
263806
985315
925760
68274
917636
965103
43527
598332
975502
8034
943467
116369
376575
844827
541967
247602
191356
802744
853935
469255
237070
869003
250716
394612
61560
41376
859064
965325
30427
658572
667863
582716
98724
358842
326941
898868
926668
26804
676141
377875
916886
548406
275378
348856
954377
989646
992376
810297
464841
600154
192259
669934
559689
156408
964453
517675
31210
269406
759478
176451
259954
306632
626692
637253
65621
160385
550409
450603
778334
153461
217885
138932
455717
466868
604649
695240
180933
553847
18899
5598
889451
196845
978215
547757
532133
42991
943558
56780
951748
60988
100197
419368
229290
561559
509231
725477
973202
539799
561340
29340
873861
266973
38879
212949
626354
824984
682319
303510
767600
723271
899879
847260
751766
673418
576041
912671
956706
47215
644727
262412
321552
83002
293948
3027
13591
739534
741220
311699
63294
118466
730123
554944
408422
752795
497884
105726
770464
425449
528553
362933
719275
67259
923352
633339
619923
613743
946864
905195
158306
768278
512740
412025
69918
71999
516156
749322
257440
622293
376773
464064
167264
930722
570306
180913
64048
588226
197271
408963
784876
337585
916281
960570
933142
579906
363814
999155
45731
575151
766661
286578
925501
278642
972661
967445
82104
61356
470035
413455
130047
965339
62481
223211
653588
12659
182258
176981
908392
560806
222751
388426
604206
668530
209614
982038
124634
164205
915199
628720
975526
739697
127253
605699
376211
645164
943261
339738
834703
211095
352069
88608
836599
138502
802963
677751
231066
791197
434717
896547
728050
178718
512209
760637
739203
782279
255615
480103
917841
934251
620041
264368
690046
515483
911751
431262
952830
106548
547444
243815
306992
567866
965992
531533
876727
573882
120856
251106
988522
553398
634702
955225
586792
576097
178412
195796
375780
727291
106924
945241
468497
114693
134565
746007
516053
977259
530239
474187
687057
389949
341384
696641
867989
280640
25410
934752
155870
265469
327630
502132
203120
656525
547294
159059
667202
77190
695203
432537
961136
880632
246337
973705
658709
287517
220930
271585
896444
724052
296229
206659
870978
842591
334369
421390
221047
490951
451405
456529
615416
609800
955339
667087
275257
643683
91457
616259
590289
807116
284015
24800
95926
181539
544793
137674
985495
385678
349088
730477
869497
379333
732877
968744
389695
355086
416034
48661
611186
877661
345832
188291
81799
684229
957346
507463
972594
703948
540520
567869
909216
974685
284119
610373
220809
316188
239215
86945
612447
53785
75398
653140
196998
381432
346315
990956
529259
127630
970882
291137
418359
571404
244225
497141
419642
66030
427939
654342
766300
988355
863298
587379
305830
129476
898510
952524
488938
554242
530546
938904
732564
814224
398873
274345
499525
385766
844885
146849
555398
266785
299234
346385
620044
103708
877919
24414
750953
260866
288472
575873
629076
988674
776588
44711
766841
839551
683128
139277
212364
148213
169180
370350
512442
484665
962259
805425
858097
905787
785777
9381
232070
854152
523401
539266
147368
161141
521228
955278
808727
353724
323801
604369
773669
674493
119663
849349
771
846551
725622
805275
109051
38572
748757
403887
27145
954042
975342
817371
806986
261594
453488
772807
565890
610609
125053
732793
575048
665121
834300
927322
430647
358322
413068
576049
502510
463682
522017
655648
170754
160235
691380
173493
971154
66082
230483
499471
422732
244098
892476
793426
848499
664113
953688
892213
738331
986350
34325
54938
162824
984354
730987
639020
306118
980681
92410
307396
931328
910009
266142
557767
522376
597404
786339
988033
162611
360569
397866
343478
277474
756306
627061
715423
403734
757310
598762
987419
112122
646883
103606
271344
492506
885033
110806
40524
334954
781292
849523
156375
369657
971132
248873
163316
557126
899450
23669
938979
192531
399989
135850
74533
692232
214884
401933
266592
92323
66543
846679
151542
114161
105621
525491
94866
717457
383468
767351
989582
348747
107336
812801
709260
752834
446205
512366
517829
40675
821715
326884
783018
154434
30640
718186
27161
603580
302040
74591
666664
714474
962905
721982
888548
47603
647910
237057
467848
445377
470189
973319
431907
844493
936174
893696
986661
133691
622822
935868
698952
660385
8250
628377
968381
305257
936114
158603
219279
865601
935038
369752
518635
717892
831845
106139
87592
25510
599861
692272
513156
925798
133331
595943
130477
964143
860937
17140
367542
32945
794103
800851
867994
638098
501607
48849
410873
503626
7824
704161
306630
179629
605289
429556
416638
474460
299428
557691
892231
216154
410436
587579
678412
883252
464171
269577
970776
921613
114874
865465
271014
889369
392065
538504
59766
707574
976665
306806
276501
5990
622543
313937
525195
735835
428858
118823
736963
154798
505651
355457
34555
196557
62820
215929
338744
74534
107851
70988
943943
594429
882204
649827
929397
86126
78732
875640
397816
660458
173073
609953
707389
827256
164566
899231
72235
824781
592258
721158
28613
949159
67507
452440
254582
151013
381469
814292
868932
346397
43484
713630
373491
711649
63190
403839
692151
548746
632886
694031
910893
942722
764304
542108
118449
100887
542952
333580
907302
865990
645470
546059
236330
181989
957658
791981
530837
826448
83859
455478
516498
999868
81919
756032
400043
835012
659999
20391
776377
839010
314627
271980
191858
114698
420557
158430
705779
298987
117399
18342
834623
117509
600548
927534
284271
170703
779426
666295
469458
41010
229713
404622
625009
465117
569601
215901
973654
250978
146485
158606
47211
318671
480644
909464
231102
532805
103363
4885
116528
974103
731667
468793
852148
306015
483219
434877
949876
993156
69968
450785
836471
894032
32121
607601
361993
241439
777017
417548
115658
448388
574220
287053
835267
570179
227554
246858
311542
786556
679543
297346
680431
76596
486764
278061
749530
778965
438696
168888
793404
915069
238458
118324
47844
138978
558321
193416
704443
76054
694051
22614
512697
137951
555594
27471
489532
701145
61129
244844
48673
856972
917464
263304
500741
232492
895597
455271
26980
598852
587274
680905
233774
121126
670425
199624
811023
599109
219740
104213
309788
17098
90803
248001
487023
479697
322660
825618
260123
573942
417108
442396
31564
807261
271856
461415
328013
288636
215498
908984
29639
860529
438581
604228
205800
504770
108879
332075
689088
694568
384357
452237
895477
63846
581834
793603
563357
195526
930580
925751
77551
755953
240951
45107
891546
974009
370314
495875
51544
719437
218881
98630
996465
965327
463079
185475
894601
517522
306801
725058
948048
353561
288574
706056
777724
493488
893400
727046
285256
571093
312241
383995
898780
252045
226104
50363
408468
511791
824750
422122
563323
989897
633827
726741
732154
593505
403537
868833
879295
77814
554040
228469
69891
315422
165526
164116
19186
466414
431754
913739
817581
681042
735254
657554
29472
686502
149252
75224
610977
974332
930672
539307
383056
294445
582792
507670
106647
895423
344651
731372
778892
67996
169565
235911
690487
770859
881724
262723
394297
193277
406253
934052
277418
136050
288671
813328
156283
547534
176993
857065
222592
314996
102269
428524
625984
990994
95580
62723
595686
884324
876527
301171
24236
396891
720888
524883
208225
911830
131167
855842
75741
59581
997525
676689
79844
220307
150116
421483
9134
198911
157774
89606
550579
664252
865467
693862
746937
898321
305192
391162
460201
498138
178986
449474
375425
280271
958156
705443
393774
834495
784159
727008
613010
859377
103739
606156
282371
546662
820797
592909
37376
742665
898668
416170
656627
836039
75750
261529
591556
121996
204317
775433
507570
103411
673597
966534
844953
217671
16177
125247
449585
210103
321628
93459
42129
611354
85447
983209
440164
977822
563891
769388
241587
549337
414879
700405
604857
458980
612219
670498
647043
717852
598836
130668
55211
930811
352145
739403
110421
504131
600433
900207
218443
489266
284482
409877
587621
880463
402295
391541
363961
726487
103239
182041
240483
200775
581598
513892
106068
721739
156364
275365
389862
657255
269636
246887
651674
249841
702431
130559
53028
44093
854489
423025
699618
628900
392472
472818
198088
513099
724705
839880
329589
880896
538390
737479
290707
255581
574523
458153
462101
47889
457265
940412
23439
273145
790837
755408
668629
569219
881842
407926
235507
65371
249278
647515
930579
415791
298662
111447
237693
663185
262437
56261
854096
313857
173002
394214
16033
644164
140473
290611
37988
455473
147323
608851
761503
803995
587505
688886
278959
903644
436273
265593
77811
150932
359590
932922
574112
612150
183659
805379
313827
422926
707140
303897
997784
716830
410105
357440
646465
979571
28045
840872
608643
930420
986957
182363
679401
459626
27280
492770
268527
425933
600419
67037
642518
623113
547529
155218
157678
383115
840173
211520
183283
911949
88681
261531
506692
474145
95427
170190
548850
81261
750145
733279
635789
717619
31372
996034
325102
723446
304706
18931
556375
693086
13387
367280
212078
870664
901259
822768
169444
76900
17306
838370
908114
225416
92953
136900
471271
382128
122494
817513
150737
309810
380530
25963
730064
680340
802210
730603
669591
527437
120391
802532
466398
466704
723556
850698
789821
710981
257800
127178
172176
980820
431622
682169
581191
924286
367166
799994
104671
593602
374336
186640
888599
904995
762739
193266
100625
12377
643627
781146
673962
942966
557424
629283
869016
403821
206864
131958
827496
915338
244310
272389
526968
354672
520648
821005
432460
914661
78903
380610
712860
971235
697561
346637
955892
257049
654456
207894
99121
348741
568495
836704
812921
966522
808355
949732
294630
406139
814172
272014
50680
881629
254999
210447
272718
389342
177131
244050
990403
976937
943370
934312
867352
446974
467032
710876
43010
821197
506970
970909
627834
826866
582094
419472
640887
401018
770936
559600
946371
994482
505853
221840
865119
94260
170169
635157
161477
105200
540816
337671
23119
697312
51006
908531
406769
647931
115727
363144
335070
247908
83969
4465
193012
351658
867470
572135
868275
567329
290767
793270
403168
795320
274659
292876
289142
590695
744060
684524
238338
714439
414892
150116
710841
550003
274343
228900
831838
725374
168570
110926
25778
142245
289097
683701
573874
507343
564376
526694
928617
214389
787778
324290
835102
535807
125283
189906
794162
342020
784504
518098
849465
762035
133760
23045
164536
869049
587972
415226
903602
225448
635372
785397
643930
83411
106799
636225
2709
146686
326178
100811
555470
613038
429589
387734
978713
415208
442178
343529
98881
621538
43638
440900
233639
288465
159592
850275
281497
203725
958782
864993
624918
288467
990922
277803
341088
515670
982443
314834
402365
56471
660695
849458
143647
887109
654855
734484
70629
993923
746091
620607
704499
117151
581237
300119
645769
132532
287554
999993
678064
750222
43318
150351
518353
710229
423868
34189
608550
801666
304888
630288
822938
269488
514820
166613
400152
49050
842654
584564
934113
4475
662778
169525
643324
285386
591452
896136
332384
25685
255844
69647
775852
935839
544458
814725
97332
910016
740180
236493
729879
844371
750900
911652
758892
761689
758395
543238
552409
363439
739337
459355
247653
11871
244183
816653
61523
400208
837603
147282
120666
611439
811462
527506
631799
655141
576200
632672
734181
976698
107434
462062
53951
382005
741681
666104
113318
364442
183072
745490
173687
380501
541107
503537
284780
667303
680185
997531
720677
83003
382079
388671
178238
939352
875655
581406
500265
687252
750265
394666
140600
774317
365388
670589
354557
884704
681495
28697
635036
183696
129707
574247
582291
907858
960924
438690
995120
14287
35694
358629
585191
849137
286459
151789
727676
93841
780515
160625
398443
808691
911061
456049
711180
889864
523866
510863
131985
154726
855680
326442
732768
860538
559547
280021
825300
945118
474319
281196
644527
881424
1874
947500
482492
939886
424332
695845
599053
618192
446231
661175
54816
402452
749065
336601
33648
176360
808610
693864
205815
329767
955805
897631
756971
655348
248003
714314
49992
123577
819036
926461
469783
307488
157786
955812
362092
588283
636243
265568
880302
215191
844545
819534
802644
493832
951059
155180
376293
161940
944237
106403
335740
950484
364970
363254
584172
328619
442832
951656
584519
931504
715956
683027
743543
463357
42755
260720
188053
169536
197107
160999
273347
4705
749467
77638
484697
738209
563512
442255
292936
581548
416812
42791
301298
245495
404705
395699
845134
237925
83486
910310
976532
993963
868484
666026
844234
460271
18021
515557
578479
196412
740717
929784
870082
983421
921758
355786
693531
468445
872688
558234
555101
278866
911118
497197
635445
742588
882706
919512
81673
270246
607724
133304
575954
3162
671980
18555
959065
364226
363228
260169
566334
7986
869980
237732
633027
387510
586152
782318
985261
494269
488996
701280
4316
276311
38080
860163
710367
615844
656219
218530
322454
898983
645002
701632
639315
466420
109487
547987
944404
137557
974733
997837
55883
543449
330401
758255
259774
949839
307328
277314
774405
631812
745706
414371
332067
306389
30594
991965
450159
924402
646091
731358
78173
319038
609271
170203
348392
475459
225610
286614
179206
54633
571267
418168
406326
357774
843402
397623
235126
70207
453676
399080
962567
374396
872906
181048
478682
488256
940369
362531
628086
802930
182334
821134
789366
312969
495486
505987
55488
621741
514513
138568
342634
596162
418252
147193
606258
797008
211712
291845
843702
640486
98265
81113
156336
864353
204422
684711
813492
124131
133735
35555
813962
485462
818290
616092
401753
618257
689646
350495
81284
196681
379469
684653
695736
572496
324384
450375
961284
232241
958779
35916
467306
11982
423968
696359
450801
116953
593912
977747
160509
201604
99514
17087
351048
423129
729143
870356
419303
393582
259797
86313
486175
711960
382120
213208
78931
204244
777985
998106
228302
983975
510945
916231
995089
824208
145226
595897
365918
254609
163410
216444
465739
379584
737195
24163
899121
373042
8229
526760
591581
65427
885980
813232
308219
437605
199190
74533
720013
470873
618903
902502
953733
544224
980252
347081
413144
305331
374701
773007
418329
608483
696942
318643
445844
974031
136453
774323
277285
418863
424989
399831
592461
848350
319563
166015
739863
170787
778296
96492
557283
589431
18666
528172
998712
436170
386740
440351
222304
781163
521421
652871
758956
245125
993629
157567
620967
151588
7505
37023
268726
782083
734899
77241
403547
443291
472585
140010
859949
768982
738101
592504
692816
359515
293890
337369
332744
202537
393720
664503
674853
755330
405038
223872
841791
300442
674471
74177
574818
693497
54392
384648
411414
62819
106470
455410
821195
293050
837531
794975
719241
548951
817328
799701
370427
829347
670275
612470
438103
392948
820363
442393
616009
720010
745120
389662
19541
752929
436341
237770
90216
371600
539987
286623
588282
305926
561980
214442
61637
573425
529669
455987
689457
592248
490652
421986
708398
103949
601262
633437
905789
218792
685344
751268
407504
528445
570089
873788
679444
29913
648696
132918
646182
928809
648870
60452
705906
883924
253881
52835
794663
431650
599805
889224
352201
896947
46611
373932
376153
627227
179339
528772
674893
873457
310122
79823
291416
843557
745518
266372
549120
358419
86293
150953
482204
339742
357055
547753
419000
29056
484877
572187
531448
163663
748902
632503
838315
464266
83492
585136
38128
975638
916230
335819
599918
923549
348939
566107
813823
485122
931937
798185
867191
693341
479599
159737
264991
8279
176382
652892
798983
287560
930867
840640
566436
603160
171480
318022
125078
415712
226613
238059
760286
829294
975572
451282
891988
980764
297815
520513
107770
235263
253798
308423
421544
486057
468542
280935
21496
913359
998600
424216
210371
574936
723118
612828
662005
422882
929967
224215
128729
581409
863859
588228
227469
719264
621727
829600
857874
504220
541033
329501
673110
573398
503581
891784
164761
266046
904079
665765
234027
739496
93051
820041
573349
165412
634107
933296
643552
865458
87843
500394
434122
970200
544022
917087
281906
793283
240529
886966
83601
13679
620423
215963
309621
588174
308900
570275
442258
78131
819586
177422
25630
67787
500735
951405
278414
180281
280715
46881
594889
289470
333235
633534
80728
871508
785061
862791
255908
460618
760021
673378
798045
989520
286300
444315
824346
238841
366422
243556
238261
263571
477048
741079
327195
477595
46609
964160
509072
878432
797194
542834
789266
418864
543391
75479
689400
95295
178082
951083
141861
505500
783723
689863
853184
55134
720767
205325
304304
563147
870488
82687
264536
616232
249189
188869
479797
101145
178449
7523
54781
280767
828601
98180
467267
375462
941354
654617
461214
662013
686567
653975
364382
437137
529090
485182
634226
436198
31566
435385
849312
673446
274681
235999
314193
651022
549053
908380
418037
373403
986557
343587
294408
853973
172519
495751
510947
455539
959693
155180
516106
218445
61875
659944
432850
214849
990574
41010
779968
75905
289375
172937
648517
441015
460419
460723
694385
349352
501349
655059
514816
869795
851328
916683
706764
141777
72664
884130
241094
594510
269148
574484
747012
383023
922473
234721
2751
102508
201032
941786
741049
142933
461479
242524
344866
957068
922897
783864
150212
653738
134431
916022
640643
715224
289643
784653
695916
988595
787094
721006
914156
541971
530539
82838
815466
548805
623826
112890
944978
58389
890667
592201
974611
304178
46236
793283
4704
29863
302673
855903
199557
322692
232958
507860
225849
696864
548604
946910
809834
759527
811385
63044
597799
273092
3188
949155
60442
734051
102255
689151
971053
207531
195381
259726
770468
138184
993698
758003
942461
336930
455142
214001
74495
149331
774214
406050
429193
458148
877144
145145
726551
723757
185415
246511
427147
684797
394507
185766
6704
873994
301533
753666
59164
724538
569720
559944
593762
27359
490799
508884
899317
670064
234828
161082
607146
693832
566229
381617
479226
827750
619499
908622
583994
742466
74703
799648
967390
160085
599571
959387
152242
212668
28122
844355
997774
61831
648708
647817
694911
74326
256429
619565
710425
29361
34245
176294
983244
672766
433079
212961
334439
355452
29373
947750
248604
419945
121032
390370
415745
869265
650751
255480
734628
257123
664507
648371
529048
247499
556193
393315
331039
102739
875817
321436
733264
128280
53039
17046
443382
896758
847150
537451
833386
546573
457373
530634
15912
594130
874368
735647
39635
469296
64768
829028
780983
580221
915993
459070
968805
811233
899773
747046
637586
373198
511449
38928
188905
438807
847930
407700
479239
465197
985080
24226
928099
529664
924969
518526
168392
511990
416467
235985
984939
958259
818917
826378
190975
245243
493952
442135
391198
945579
318490
684822
772253
462887
276037
198093
845664
714360
277477
14701
760322
855975
931908
776496
735437
973636
891102
546589
637184
930855
159823
541836
606726
351527
729227
879617
98287
261893
750688
77114
621394
540555
795181
395905
348191
781187
181979
412780
132612
169463
94273
635084
158772
592496
108183
585097
691661
513877
137059
204010
641870
998973
618075
788814
707981
530222
224931
129312
251789
731015
86804
543721
142390
50982
209011
126334
587677
289581
99808
177446
704186
805818
356640
586937
431693
923487
976765
410447
148481
911709
11113
336941
357842
626229
567279
632015
770932
583461
114324
792690
345359
55390
111768
212838
868715
735297
416364
270283
971078
344570
488413
48459
847575
542111
97047
683168
951637
969604
66237
609926
768144
840288
29589
908084
274499
137846
975104
748222
102690
90762
766373
830704
755363
998248
684511
495807
405045
78159
374576
461297
638884
374045
631546
433655
427564
253829
234066
725232
910924
683870
685668
413541
719219
634266
689442
338091
906712
845874
547080
215300
322396
661822
549670
751175
176122
603953
943674
494783
404860
157889
153824
958433
101890
910367
930382
494565
67558
175282
178589
550887
751029
875303
223316
345209
792100
298637
164255
841171
394216
116934
460493
989613
580329
275925
894714
643667
125361
620317
947497
553331
92283
166380
53669
275563
902537
601665
245541
757491
591123
653892
36943
754249
708994
183401
839594
287103
327213
471409
464632
799632
946033
209731
809014
837490
20630
838752
584755
837483
618906
944379
97041
31979
702077
530795
252908
577950
675878
206149
326617
797437
678903
510501
134714
874262
425451
620768
434972
465654
92804
356412
617156
247553
271877
824736
991988
922486
134062
108054
224377
945200
236315
306336
974546
582559
549979
754844
866022
224208
208992
631780
790837
47457
647963
384916
756887
49162
254864
991468
860903
74194
949405
932085
349115
111571
868406
117560
57340
885958
311893
840590
308931
218735
50385
983723
595523
859901
24259
504527
830919
295505
418663
414846
909264
695969
768843
49140
586805
590925
234076
733921
764467
304108
734471
655416
986922
713367
772228
529624
471629
928809
820937
486786
408012
936857
103375
811956
946025
663654
192062
729574
392968
393896
479238
672265
664564
871776
78451
80563
852414
640549
415446
368296
60759
317114
534648
594866
833827
594805
960836
976709
465949
819753
443111
45254
587412
352648
499531
552647
60921
69063
149946
388805
288895
847770
799884
982630
985013
575487
421748
643075
271840
350100
537342
939096
526162
552454
347603
44483
809399
435895
296555
73940
82173
592407
969699
325821
300480
459884
630528
814832
970795
635269
743604
846467
922899
463986
40226
364869
511979
749623
540591
765361
267299
399560
62140
963669
428774
786242
434302
143963
237600
918321
900017
385733
9868
529607
821116
906407
589677
308645
759487
554111
616557
380786
583994
625699
628949
408404
791671
770897
869968
250516
919356
466494
733607
93618
611682
209225
735329
819847
702993
908089
723229
398414
860895
459861
17266
944384
175408
304901
793396
96753
392285
164081
555302
412628
778688
143859
116102
136994
670957
752692
285252
861407
812639
177452
256416
415088
2594
640662
560787
293915
250312
601265
838137
133685
140474
477634
393773
566138
480504
469018
367650
247660
255445
623188
263157
48780
120998
249588
983319
222888
171066
515201
898902
378146
198500
71833
491713
983892
860167
634981
65773
239021
853130
171772
174306
44599
298077
552475
373918
946643
8392
675449
553855
759568
783853
32158
811961
453449
971410
524737
93326
143292
322294
937875
189815
346603
926270
557462
515103
972094
410249
47264
705748
340451
148738
433733
203473
427334
736433
697847
746078
135850
773662
523692
566317
651576
375496
761203
181814
303842
110557
839674
176300
952208
729667
907399
626004
353343
452885
869816
248632
260171
860315
509377
486025
829152
928997
569016
792411
908983
137161
168961
704535
784642
92900
904907
4588
163505
993385
434404
932950
331598
496366
858213
626337
270260
857195
788133
853163
312001
917441
673445
588030
407492
700087
534023
47077
873780
301579
655278
993556
909704
516284
128457
616769
825787
404523
613790
163663
292817
766496
974913
145815
372783
839173
360536
378292
689454
305922
451558
779324
309413
286624
849733
826093
897904
890326
197668
347399
728292
510634
883031
414747
569605
795534
302812
364680
808056
300377
759537
779926
106152
288517
363897
297699
974947
793537
426013
850226
136955
105396
850310
252446
120782
984758
614232
668522
854163
304951
789490
974352
65295
741868
402606
424493
650018
150458
463473
243891
107365
149291
455291
547874
920283
426376
557985
78954
745449
666840
49903
731324
412652
48342
927278
524359
10618
493953
311950
33690
679822
929687
278857
905554
900650
347286
375251
791873
54652
594153
109387
645072
625789
64056
797231
392700
968104
718282
377120
652738
947038
20458
45330
664543
836971
470551
289279
673610
79372
936053
318642
19835
251649
573760
396019
381578
738448
356406
540550
786234
718539
284429
689558
256638
302937
281385
839611
318729
710142
500432
649252
43167
178095
862328
628685
510833
134339
102009
961225
367880
313099
652440
807616
141416
61770
71263
209339
631559
778151
581540
327574
841690
354340
427029
46072
989135
235084
414475
65634
109496
672363
742917
21799
436334
788897
936947
798333
855338
347524
511151
490770
218552
621100
624457
14499
279683
234359
935280
332987
644413
384050
676200
967454
216276
722456
105144
827651
711017
647221
725647
245092
50518
857745
379550
66518
485552
312126
714960
8520
118557
574381
117335
630260
401291
92608
825642
692069
626906
46022
344654
53582
815566
943975
90247
985973
82439
842794
167954
322407
533212
534291
215236
371657
346642
584432
382442
853202
577152
688146
549564
392520
527052
970978
988369
888375
559134
383223
348792
285536
120903
26418
265356
360375
904843
557090
842526
500744
845741
714593
534384
104917
361897
920184
457052
50872
666000
644306
697401
242366
995139
508426
228277
553876
457291
927073
617562
499220
840064
275461
885606
663637
626089
779449
535892
117107
296536
678791
840842
985714
637335
415148
400543
141288
288896
594268
258829
605187
750455
956373
75925
971466
8168
880490
216449
993251
588535
551133
697280
975856
101582
480302
750796
289041
703394
150174
941885
462444
825141
555697
11219
366962
718753
304178
457713
220149
778119
706436
495539
660911
372499
809072
950820
686525
110984
306383
850497
274137
237651
76358
786518
335764
39492
963291
988768
653188
411867
67582
149106
167612
895184
118844
52655
816490
587103
960389
324254
616937
651600
961010
212633
43831
709607
636021
830915
260314
948298
370403
686174
924730
389049
662996
937556
201969
730337
230444
748040
230240
597364
866926
168775
10751
349711
973986
761568
420413
718351
339115
549044
96055
942158
265636
29896
38205
793519
827749
372623
412994
824212
788693
950840
269168
206867
860053
971908
732249
901244
797322
193935
84906
420450
58965
336673
398238
280542
913035
440341
194481
235919
671370
583948
13819
102684
793975
325756
126621
26610
60229
191812
514206
807770
322734
705789
412660
831917
259498
228289
646770
200923
729565
353844
342780
850274
418347
769114
950927
140840
923995
373543
329757
121276
546043
987412
873968
509502
475783
132817
374059
189828
28894
701491
106086
48871
74563
699141
76887
976624
377422
650070
752774
946258
159256
983683
503958
405904
148037
252211
521441
678213
981366
102561
890953
875834
973405
115381
483145
897174
792510
194917
791381
526548
745941
480632
332306
629951
206994
937467
976122
149774
611496
237117
779514
807172
86065
63515
840980
690944
566240
158187
153911
679243
802530
226926
467079
361211
739866
107262
261486
264820
558003
906194
143216
277178
119632
180105
770307
938262
671694
470665
192281
298453
933763
474930
774576
574798
984380
97519
240072
406070
729437
625637
280794
124211
661103
156516
877975
952255
428998
387952
664714
56732
853513
481098
94840
965410
34895
332260
414029
914181
581283
141226
64118
350258
906712
443503
753499
743905
172799
673396
882217
8435
974232
254552
692686
451289
777159
908761
219516
955618
97392
260268
518422
382833
189159
283211
35042
851007
221724
310021
304529
726480
960300
973840
979862
359615
9759
239669
608822
16150
602533
673576
745232
566013
95449
870308
780729
408198
470543
236182
261331
59867
7084
226441
426598
460635
367398
160548
893690
434905
145091
766462
685145
916274
971816
139678
599614
428969
510138
87790
759855
740313
919041
92710
753848
746527
885118
366213
173006
897236
952647
83685
669587
347124
615286
709309
462637
911946
800378
957473
396194
1374
699389
347692
633646
200591
823585
52921
378367
138560
944171
420232
926841
965772
728797
474962
813802
148823
956424
124124
159455
100145
43866
832517
407280
729540
907421
470647
220585
905756
949304
844273
14421
150944
748863
338975
699934
130966
546005
723516
304145
119008
571469
640758
897385
946410
918794
807404
910674
540518
582412
531022
924115
136043
683067
53100
836548
445059
446283
983272
368036
223114
492878
73972
778487
889611
628145
878251
487212
804414
835604
803274
566852
927935
496942
906428
984730
473233
736602
853308
487746
529382
614702
88833
424594
904421
292028
870565
606263
229140
837813
371607
742280
459334
936749
966426
674677
132838
171421
872283
192996
656420
850312
497470
397108
673253
187051
180747
692104
668944
214766
658408
146610
17754
150329
584337
730108
306843
4068
79438
686520
910587
844857
837085
739986
639368
463079
201499
231634
677712
106582
340889
165654
297068
710727
779194
315456
169372
4192
483147
643925
503930
115541
817157
328397
575281
201965
796015
800322
805899
35668
614075
248120
554285
721789
377441
100984
805689
923804
5703
531987
189790
450043
493840
346400
685559
630732
495690
378396
813263
54193
371034
281695
111375
888088
916354
978568
797688
669026
876209
624635
281586
166296
974416
184406
72393
56418
650359
790664
302432
68006
994434
472541
50239
879887
317752
479175
407581
751202
661882
374103
352067
316980
422964
296901
844561
740820
901906
839284
561587
309649
179226
461119
7490
997541
206527
973770
276851
45287
363010
655397
436329
329979
8720
796143
452310
605092
417088
193149
823513
459418
38934
613836
421968
51949
412525
142962
981063
477257
147089
195968
53779
943940
370057
233328
570933
100256
99404
260321
285953
741312
491259
767938
848776
756466
781343
917944
584126
736399
971396
403473
61291
743332
836972
501531
296723
541051
859677
813817
983067
547602
616214
819591
410416
892025
574705
457812
220239
21952
352913
630610
819011
199873
894585
913518
407719
360458
652111
157920
390807
357881
349460
717573
39787
484429
908179
148753
745212
556423
342302
213052
85682
829971
991403
237067
904815
579426
113640
410647
459191
426077
207632
804727
79248
53001
89625
373017
181387
795990
829602
531160
333055
309672
184231
198849
391212
241309
161798
386779
335696
199824
401656
574593
65873
676648
600053
349717
722093
117714
248865
352614
528528
808386
827793
498641
448383
569357
107949
126219
434430
194480
99141
268373
920659
365732
934063
989454
125502
692361
978042
538858
854812
622488
835144
590101
89610
157843
557949
819647
827640
931309
27397
42767
724315
373358
421825
597541
154945
286464
681837
31942
91803
359353
635626
8753
177209
39211
347115
38332
820773
808751
813777
798029
156532
253160
20022
436730
396762
434319
360772
253314
144084
245619
760645
851809
832199
758709
555225
607403
750830
339427
520991
82174
582988
337114
45336
873887
910013
794322
773536
177392
932727
120729
12706
569463
111614
873748
20105
926511
254950
565860
341642
945983
278499
213884
986780
660547
73942
444345
161732
89316
203583
89861
675557
197143
789768
142089
381931
111870
198837
318944
200677
767190
214217
166212
397496
290433
744826
692150
802855
90494
714406
455683
516133
797828
917638
68576
871279
792926
347446
525781
281992
404752
375815
596397
327013
741010
68430
714214
979689
724213
135570
675703
459280
814265
904287
244906
40525
596592
815307
288151
811987
747095
759965
598450
78475
970224
259702
71299
237050
379878
364568
732779
716756
359535
550083
102438
553299
27827
977993
879627
4907
398228
715569
286616
960663
330182
563433
931614
933713
676657
534708
143944
218225
644962
217036
813856
674799
422524
309264
123098
751582
890708
946669
289048
343107
819827
438142
561958
611368
905103
532796
624886
839237
988288
732615
337021
367704
833891
115136
21544
18210
436952
154441
37604
192116
314321
141195
396054
423224
849286
577212
129730
399441
519268
589996
810578
123893
831326
735325
759410
274244
568702
135216
276922
769829
38856
127999
905214
657458
351071
827750
815202
237774
773500
222896
937071
12608
420403
333708
479966
845654
138088
491323
410721
336629
492452
598044
550304
231434
358815
525838
6695
496431
391386
408712
181016
11126
219140
401059
390598
781056
83336
121672
597227
180458
602833
573085
311596
356195
141591
313195
688357
576257
414394
736243
514073
252326
915990
15732
930750
400345
236261
36734
474435
526226
305226
477920
736047
545820
817288
459151
748447
244808
354462
478924
491499
121416
409372
239059
374695
367973
578111
385230
767651
551166
132951
668508
242778
750123
492575
766777
351328
476500
906557
560377
316839
218845
618370
381139
657060
772261
981821
540396
221723
873300
737139
896157
129410
70391
157599
521082
683992
515154
500538
154545
253073
424876
590397
293564
975991
610488
715296
261973
964803
939293
897979
81246
971856
845800
787751
974073
471901
150791
958485
427521
605863
327767
411610
651378
813103
302743
350950
54704
396684
611190
941614
372765
66641
216451
438782
12410
437602
634735
998090
461301
990553
503051
323928
629412
236195
207567
178264
320822
264937
567420
766128
355309
116970
781171
356889
242301
808879
174038
311826
404334
192666
102858
920419
992458
736060
512902
274738
118202
68440
155557
626903
134244
313374
731871
695855
291265
426009
376954
269787
595534
893604
24041
899080
827917
562565
123991
464681
890179
909728
383693
577387
222247
110293
612201
308934
683068
481850
915948
409859
654430
523044
189224
137667
669124
231252
820211
897691
170333
638945
175459
231876
400530
623063
410219
449344
91818
902609
42892
874730
15849
460511
898345
572738
342528
127202
463439
771260
474280
593619
963735
298384
754221
536227
874328
170118
462649
660129
94319
639612
161770
551232
881211
344481
144504
392479
722687
853617
351147
15404
600394
249238
838737
649385
82776
51730
174238
697037
876678
748920
772404
433378
668473
437013
885596
650222
704479
841932
421558
970860
806960
779079
571511
498728
850432
312154
277091
941183
907059
876728
69364
785611
829968
986552
459570
238428
765971
673746
615284
604853
999707
401559
800180
789948
646552
589571
48403
152993
730836
720118
113448
26913
384753
95199
785913
532150
155807
796334
453722
188638
360920
759283
390702
882135
795024
739790
689939
411593
81815
885625
653780
601650
770366
900924
656069
378540
275409
623718
507565
341116
802326
874447
793975
711750
920535
73112
594998
949819
425284
805584
533830
892254
26136
893926
620283
140008
393532
888203
670145
654384
842151
929341
627033
219740
396010
629762
553939
386269
931167
369896
272664
456906
220986
142355
184105
810486
431525
288570
120731
59774
907009
913880
900804
902252
803224
272240
471887
371117
529246
630426
344891
565041
3767
243091
519541
292238
611303
99740
190597
44858
505661
262227
994926
888744
845721
945081
76778
896789
961616
699455
521292
114016
50670
607671
171118
852947
184322
715619
128709
757148
769923
636746
755778
297589
836253
838107
419044
807389
65805
11412
24003
996167
808079
164871
560007
820056
797446
583717
956769
323814
697495
130902
135986
200207
73364
816850
538223
739643
183278
313691
515668
413549
157926
186920
524703
555316
337948
866406
124175
293705
154377
998204
55800
592322
888412
479553
494755
479951
594725
106532
141663
86506
576740
77960
189248
418799
520748
839447
484988
459
587056
424769
669298
723635
987477
961655
418138
805974
542328
221620
377424
509254
77981
698775
352657
674213
939439
311023
974808
43686
621634
25679
253049
831005
254357
223792
539677
446790
83464
319818
874606
224995
669713
323049
104307
325905
58470
613400
273739
597124
61862
370596
722996
978237
190300
125316
311832
592903
74758
479878
746914
729453
9032
876382
33868
92614
880366
816073
849263
84049
648728
554428
797272
780979
297432
387969
407620
951046
88405
733268
58706
98530
442604
872654
549509
468387
655810
131782
492264
622535
107254
857549
720534
599498
996875
880695
899444
733103
260711
839186
261783
918187
446546
798897
183260
257713
865444
53740
198939
700391
404233
486884
250962
915398
672907
206653
612869
496149
970925
785437
829602
891064
713995
569888
838592
773243
835149
523137
510314
480279
998795
873439
259178
453921
853964
171174
813814
897199
475136
401319
423024
120480
27469
869242
705471
676342
452720
611152
371668
115428
629911
45579
850493
621530
71071
645764
276843
65606
780214
215371
518618
986063
74685
287776
261967
644235
427802
305866
671192
212704
804360
448255
807850
5325
199567
549922
444382
830223
913190
678531
71894
99343
130941
269806
590815
553186
377029
897002
945647
709823
200459
793572
27563
643467
132714
396572
160960
398938
252899
146139
896079
615774
697079
183505
797083
109194
949996
193718
615680
377534
75222
599961
138119
358129
663865
692799
521065
937867
319109
803224
284809
8107
460080
572623
574564
599726
682910
955554
976890
871546
113727
63590
450979
829157
87406
900407
559596
659712
522651
200350
410615
54650
697025
726792
319880
910388
215885
36181
418092
324678
615320
612874
97845
784928
894666
492052
457138
237690
164981
150820
134580
181300
831661
215638
447824
307154
316754
313760
939884
959999
198672
460282
474177
342642
499175
23713
481494
584495
309985
88841
276430
850029
203379
540455
940640
52446
281893
20023
170863
719647
502778
929777
55672
815993
909962
955290
476324
960329
866121
867205
639524
806370
703831
571806
865093
236974
508868
963499
917762
928405
311438
565606
827971
616260
791974
499324
291337
411720
586568
729733
315795
760423
470980
564818
689696
348124
615984
177895
553751
790768
416073
510858
902175
297945
648665
453835
690202
826307
61789
976478
185651
910799
339357
121887
929443
980031
793289
433985
39919
22016
72233
245041
24450
628937
141320
889886
752940
921601
482652
499844
342462
314068
818375
426155
633634
518990
647655
320261
205489
826875
796296
691370
188436
821487
451084
548890
911
170276
96907
866464
567942
607645
622287
998308
181290
904320
341145
368214
63000
395028
857436
203034
470089
107171
67372
915305
409191
348735
112436
688247
563381
548221
522479
317206
26173
935250
120193
350848
141490
89046
529558
93260
25931
749247
105826
862445
562463
128532
750012
635265
96452
428521
901937
277329
359839
461625
568402
78276
955981
688054
630806
325126
136862
485103
523978
121143
368314
355034
873108
245007
470169
355251
316944
889649
830082
254516
52301
251198
22365
693440
830572
979100
942683
132456
123350
540042
499382
811292
240568
722750
176195
975963
436912
690904
582509
992926
68745
215613
161212
685941
126706
122888
603716
290519
396699
855514
132916
950059
598114
837741
241930
677655
461083
161565
428281
611230
803410
473435
362820
704644
107652
734524
746212
742873
842227
687206
327837
338406
862742
718350
877590
821166
76049
90678
110273
909979
1889
400278
911975
223148
280769
576249
648449
815320
360054
41857
900754
870613
951330
859598
646354
391704
578202
911085
82049
541938
807379
265545
488704
268512
360243
978915
29448
628675
322645
133204
993569
691274
599916
599884
779267
70066
924500
129846
364123
386666
198310
218392
130035
620094
599157
619330
251875
810104
140282
422217
285513
3019
915067
864389
412489
330931
161747
394864
681654
750608
669205
290560
52018
104259
361033
259584
129607
608255
964596
985538
514454
624732
663755
407487
430582
836746
731125
922292
542366
611352
344305
479965
153535
90279
258592
733702
988536
33431
636099
887836
639160
153911
913339
795551
226933
259932
240224
49212
900450
385627
370519
432565
776589
816847
105039
917869
370569
767790
937831
221151
693851
33627
227929
43767
345435
613255
239267
902452
636470
768684
66443
648616
228181
491175
85218
766344
764068
675312
349052
936042
43876
677837
150728
466163
674666
432292
684393
964246
36328
93268
51641
517067
844135
542327
508710
925870
285854
329619
600206
97939
766984
893073
945001
98932
204442
435055
998073
771344
994919
727252
83904
948547
379382
478306
339868
296893
482324
431572
892659
327305
916412
657846
27578
408412
133181
92222
545206
796905
920161
243698
998922
726603
783131
594258
901169
158229
5765
118984
207447
716980
892443
251750
574444
740093
331678
803863
740869
908791
193950
269126
104937
114928
124615
685839
792825
234865
244019
397073
866019
437976
702925
535693
132051
601962
222162
134589
161284
501135
487228
390060
113347
738956
953415
602108
677527
580326
653459
345541
63749
720569
716513
734387
382717
65458
496795
856310
261468
344156
573121
515876
172180
394427
674094
81438
320515
728304
938818
486820
229013
965270
170374
640849
399951
412812
868284
146064
742810
818450
187648
728646
782176
453101
636424
699219
894859
920790
94166
383537
617792
632623
673059
117671
416005
150652
918115
30119
359863
929427
459162
749524
675470
818217
292573
420941
209459
991136
665867
712915
91222
109655
452894
898617
784686
706304
696795
720847
353422
963898
503380
785223
420535
695533
828245
362650
638420
211566
118401
808349
997779
300746
583997
833016
691393
542093
196038
689746
220112
258370
370596
157950
179679
70666
545629
750109
203885
704096
928733
900252
245204
710841
576972
900541
554717
231932
537040
606286
383126
991457
605099
701339
902580
33807
408692
348100
964851
590137
270980
448374
844172
952380
812337
951590
619249
516831
845813
985953
573981
235877
233475
652693
331328
114499
232896
484118
973124
686777
595265
714387
594000
292736
230805
541560
63415
647833
975111
357384
40228
784344
140048
974589
715315
19762
388661
13785
448352
366933
450088
620793
332791
911801
34161
578673
416880
121082
512567
388360
41131
801710
74997
221718
816224
700921
562789
147974
904121
76694
171417
234885
266783
602600
87248
704662
280081
668623
919966
743159
833545
996305
554307
237514
949863
595230
175442
959385
922103
3703
108614
891933
247993
497819
553585
743687
934637
357831
450511
758867
340688
159112
851629
588218
658077
418689
405935
328547
957699
259165
398435
554496
813413
465744
195652
361305
247545
701197
879790
143626
592966
220999
195251
470380
802673
546863
319547
776980
963472
609047
860727
388563
897408
980937
284323
445544
45482
480559
948281
846037
716004
851923
95783
697192
747134
778931
929388
461006
285682
406765
702365
486823
274609
268943
67716
597159
596826
805491
58058
225000
754223
808418
121029
897732
661826
3899
171275
528853
244643
255108
129458
822870
385396
159746
41839
326391
796062
545529
458471
368684
212887
822963
215507
554537
660131
318163
296075
271925
621781
433190
311727
219704
965791
716837
381923
82821
913844
213193
517972
553064
211103
462
556274
40309
206524
78203
644206
544614
924249
525944
621387
237485
588737
604431
646617
224341
116574
517798
843653
624512
153859
635877
316632
499366
770674
968628
311156
549076
327637
459148
968703
886497
958757
205089
920453
563533
535429
375836
329686
49065
464007
285824
34359
76749
592817
803564
710932
181732
286853
496799
364974
702580
398516
202767
312244
66970
930877
182256
789863
532784
412003
389287
297115
296261
899264
181754
186447
873417
86564
246369
334852
15996
928851
693848
14517
898140
488202
972267
300436
164453
816025
601528
761367
574500
2834
355116
226054
886619
584900
979528
591011
701330
81580
613857
948857
553657
737616
879167
462399
504432
131147
404432
497757
510327
571106
417002
638474
696792
582847
84227
932687
947769
2761
870811
422936
557576
642433
723932
605668
322257
6307
578867
701163
77095
690713
231306
650195
415449
879685
673842
34492
172519
840349
907486
123532
661695
940077
686978
433768
711571
955772
573280
685435
311698
942432
134961
658275
362699
212784
436668
435962
85542
90736
650748
524013
14260
38479
824330
915179
704388
195169
611591
307871
172151
180576
595565
561566
155818
543604
74070
389600
294450
667371
424791
916524
369358
906929
833812
252631
912861
272084
419048
409559
372950
704424
904285
317207
658099
483657
230236
732927
469905
442068
756243
604356
435291
985018
485646
429957
932340
332461
547814
191789
676554
76999
905888
655975
817250
754147
700952
489009
840618
896797
247092
193701
793535
697849
445632
597296
189401
168887
830751
803595
245324
960332
556821
252192
41467
881903
162710
262959
801649
446633
452076
109395
887385
679825
764885
787563
680240
56251
715862
359694
123253
12635
407175
265018
959706
461668
146546
969763
555851
820990
39150
699532
68542
593662
709642
662435
272819
957837
579418
356544
893893
749488
322165
335495
507394
618798
460119
114492
229821
489561
976854
584686
889167
215010
371127
317755
212055
269722
134353
340373
884352
634128
608776
693138
798118
934770
102004
567433
25976
936066
390147
465628
553244
188233
101272
538387
235530
433320
482234
268005
908665
990095
307503
84359
55768
420797
228719
634914
946203
294738
872891
313327
291023
680984
989746
983177
498391
605296
92065
29253
766273
497993
905271
625013
516222
737254
155325
63050
939684
707758
302945
236478
845518
909743
790239
155408
796454
241362
572903
370262
259262
234341
818254
477612
688225
57973
206248
5772
418171
705461
886021
52059
586064
484623
331322
17662
816295
422965
982000
876980
422145
926431
255387
793612
236166
661311
282034
102833
773660
3486
36154
759150
598198
711962
12283
103747
111379
743627
419259
549859
713168
825379
713357
500039
52822
301325
728189
863311
672470
862643
404638
412153
384439
502049
517828
509291
506631
734398
313427
662561
902053
547226
510315
577793
737844
305630
773495
605288
815413
954028
982816
209660
693873
572905
753458
125738
684162
58092
888219
331931
781065
509614
805798
862509
874549
209247
855045
984013
934021
45618
315171
298042
515877
686536
877910
991128
347525
808873
425168
78423
429804
142138
353727
945070
169293
792575
56957
582528
722647
53562
484595
121030
202541
455715
897673
463415
508685
102417
91624
62611
624498
196633
192188
177880
402864
87877
644043
292467
623307
805588
684122
109993
490924
614917
74134
820754
815807
601831
500773
631354
846446
628250
44614
858676
407047
319896
599927
292090
488351
786400
569861
454542
599297
376194
151392
640355
125766
51963
93018
861562
409847
322558
98061
963359
221767
161234
932196
182709
373950
882042
310327
355495
610984
746492
557755
278794
6989
905933
424412
271346
363775
11180
172536
204311
220596
723910
428421
488365
367523
544999
50893
941365
312646
39542
534379
221908
973042
323401
641738
861417
481639
155125
517298
397151
950024
180625
802052
774243
650298
371571
479022
666535
395868
713547
349064
419084
9753
862232
342160
69418
910703
289168
587208
173942
38603
229823
829296
134746
578371
855337
770361
584951
299409
940972
402599
193800
324726
819130
523167
433744
163059
204329
779643
925539
662868
490625
772136
764683
796807
950795
856036
301146
478593
962280
532143
753531
667941
580854
774499
150183
174844
716024
903347
463347
763821
183060
360553
555397
368027
761490
966113
523262
255213
858001
978789
259775
188826
560266
300828
291877
527202
429876
240481
263536
827820
743656
659138
990770
903604
934583
243726
884953
930327
904222
543534
801702
264349
999427
24512
22830
246604
492912
49734
359522
417471
157905
308124
833108
745397
451421
616719
699445
563286
155829
671900
316187
652339
753033
679945
218420
665055
610207
381748
416969
908084
939995
277679
692685
860413
60585
627721
260967
912321
786439
775891
409775
420236
370493
901687
877047
300101
513484
677212
668460
206887
559471
264694
451717
204316
860457
482159
684576
797863
732279
391785
796828
250661
562456
815664
908992
744275
899849
17750
585088
326630
721777
186922
970571
382397
230266
359240
810317
945954
245366
381528
71121
822606
908897
999475
497326
630863
64715
207663
773337
722147
954810
227422
92076
787480
601706
919304
266981
774708
911227
666156
684685
248607
840154
367371
827262
484591
964129
53475
239726
265157
457745
288051
68839
390472
381526
309000
793478
55409
161288
814533
493380
710794
813141
321418
361267
944486
234090
640716
345197
511686
878687
333854
911735
172434
594093
389722
965685
92084
139690
274462
84746
628797
941211
203291
904553
733314
789569
789209
191495
267891
558708
252982
234505
501496
223653
878674
380908
291955
808240
333186
954576
873671
291471
942291
939944
453884
491091
357416
495798
34994
10575
822978
758399
321081
488882
400042
679314
559324
847332
156314
969527
375810
77848
585720
953595
882877
76054
400221
616182
386261
1840
91067
746032
336827
334192
735749
826060
936187
56700
934269
497461
147308
482564
538921
374923
84431
469511
959173
354385
650111
876960
711500
965727
907688
425276
457108
978458
408030
571712
91050
977436
474856
971850
274464
936376
432543
593494
837396
870902
720759
209575
60974
404712
351155
305448
573993
106712
962115
688355
847822
744122
865192
46011
530432
486369
650142
22358
832353
42658
665646
440012
151081
869504
518613
658607
36216
529072
927100
44012
909580
981455
789795
657588
121548
979483
596795
751018
25114
292567
583054
779704
283587
801348
581094
702849
288890
191763
568335
240183
577722
735424
24211
490670
566525
229063
985857
991842
893558
39142
767358
730751
817530
191740
163416
429921
158098
985810
838046
227497
335320
8251
910370
610697
818270
936942
752407
158997
741812
119730
72222
720223
457098
890070
852131
939619
768096
255151
492694
246970
300956
560392
497160
773624
444890
258568
231729
998303
648200
477689
138175
25554
271882
127804
705262
429965
662743
375727
355905
830637
579644
319855
287813
374912
987105
480744
757051
960945
670511
78087
911891
61822
310780
225069
23111
497391
95510
719313
160725
38957
143793
451510
338315
127204
430131
260877
812958
730132
978679
441428
909819
947250
646508
34694
970072
745025
332709
569703
910477
796755
557265
225605
443836
175185
875393
846257
568948
850131
708178
220618
634360
668729
223369
870299
991661
689851
237521
614770
581340
707169
351528
489093
285692
529089
310413
870450
494593
35037
211666
812070
223218
499812
677886
915701
560339
305744
638655
54760
206177
965150
22511
350315
190986
270204
439558
378340
88604
238447
514048
300698
998132
128308
175680
492993
853641
97895
180432
321354
915740
103936
421954
150963
897708
849809
684426
87449
309821
489584
799675
727693
517504
679367
891727
577808
819314
333706
835358
949877
818385
980816
362440
188977
749908
991042
421920
254504
620771
559730
138404
670258
658539
525580
176738
161546
59762
100290
337583
153305
750731
227767
989821
778391
951975
783920
885909
767093
274421
313368
351929
112339
15669
961323
997664
762404
254968
515325
688015
40652
448261
574089
79664
133997
572523
816346
644472
788842
716220
837734
403484
131362
374352
107561
727564
101555
447538
93268
368337
512572
773069
82591
510884
607164
949435
613947
482727
793691
50876