213606
262546
87877
469961
337511
421235
950186
605391
567963
319039
860837
900459
230129
390863
67075
582274
350561
237970
253164
584174
409492
507993
152290
624087
581813
721851
420662
799200
936681
31001
582206
14676
487259
786764
778373
69581
955592
572399
985434
441899
102275
258130
902484
992930
204657
883732
136743
709440
370806
98471
760736
278154
593201
327790
155200
430767
970023
677329
654908
832544
51292
305428
181350
802210
763633
478029
407556
916230
982760
684638
89013
724042
966531
758720
123765
762627
334934
935734
447541
962309
481409
771237
491847
640662
239044
990864
804882
206127
463586
948201
98546
229659
706266
657514
807965
873409
893589
600085
802274
707614
219765
957804
172358
451439
199281
112617
815331
657977
550432
431599
119823
782511
592613
788266
130978
705230
841195
919006
23193
178973
442906
260771
173788
146801
752606
523667
370330
788100
927194
624587
843197
145697
932089
23691
887106
359902
873322
504864
531153
371906
247869
821457
801101
672184
410969
352825
229944
54326
178814
762185
266442
756549
609934
280999
648839
304585
151350
604948
511194
949140
829985
457321
536390
644610
370618
216687
768027
121732
441829
417345
373671
328750
772650
773874
710519
220457
747703
130346
585240
381973
628159
640878
974292
590206
905633
905342
672241
812044
170485
287075
606764
586998
853676
608888
303598
125140
869450
565072
691033
574113
641489
984973
546045
227094
495090
74470
993139
124762
124294
523884
988801
329242
805533
915913
535857
385747
475105
95095
543494
232300
298742
963517
705028
941863
71465
306497
393143
443034
94089
745842
832155
567139
659657
54991
613177
579358
407286
327681
752780
258645
732782
604726
714656
919819
884579
937420
971241
922131
270665
858929
926165
641474
411485
321786
336137
484949
10732
395709
711131
751765
549708
111335
524332
170994
488095
415631
158556
566634
304391
498380
58055
148782
517279
706779
640612
267218
497314
236164
22623
521384
885371
780324
945638
974727
172388
983728
125313
888236
863058
426804
810747
279997
383052
408312
902759
450966
136343
545203
147384
770138
264201
565207
490746
331261
35814
695166
311510
145827
952920
890395
385333
993492
549678
597053
195446
879223
261790
778322
250773
565751
660646
615063
926640
361328
723663
526644
516047
506249
359975
190626
966990
217071
414710
337214
619418
459305
24049
639405
9669
631931
537393
917454
144114
431124
738959
343896
196432
344237
559479
143448
57644
27684
86301
751137
519683
885084
558571
796732
39576
760645
601752
273705
79555
675020
385809
137516
688378
917498
235213
432281
370346
806564
377209
221564
776944
63589
433446
163758
563654
172329
908723
726594
995857
926532
76689
119655
631943
939099
720900
651666
717186
689069
109771
402831
225684
621055
263189
832845
612058
366289
2579
2560
723824
801779
580732
591973
870023
554869
837193
566268
511778
916468
576487
804594
941574
222419
509822
157157
768691
447609
63098
344501
433367
673290
824849
623044
969747
559786
575555
158214
789310
880614
432855
705048
714156
418128
22090
412576
488053
893915
402353
568140
342434
590250
784127
514190
339527
575880
509223
953315
16453
562898
846417
720748
474294
531338
522275
368936
626007
677339
942682
74710
252018
618701
168105
899942
432592
884802
749725
246520
475158
622826
907144
426447
582598
490517
522417
607532
276638
231920
313136
474212
515739
411083
339029
554370
246705
210648
39657
737503
892851
667713
489755
188677
209709
43207
644517
134542
328785
721084
46457
585840
907974
263927
244172
975130
139827
628893
351426
87299
193281
975866
23724
937345
924659
470419
182005
798953
129830
569085
147503
581670
758439
304927
877366
811807
471340
580971
57833
152598
676368
541404
48062
580772
868507
183118
857273
685673
186542
723037
805832
929178
670994
521001
687455
318222
371361
484217
31278
214114
711237
818608
109737
228658
211435
689104
435702
939431
568286
520894
620226
424408
775612
394113
976450
221241
722162
886685
764306
83618
71475
835800
869475
383285
749582
329416
920358
673651
951301
127310
98510
153530
391132
697450
433425
205169
253656
230321
223672
491688
730201
944252
651341
295738
842882
573129
399956
353138
970166
846343
195665
38459
318828
845235
251755
11508
214461
572208
485502
705867
932498
38865
154244
458128
758194
469445
279074
178095
287811
88834
635140
106474
218433
429139
303118
726989
220291
886274
156438
292956
355271
431057
665268
306707
799836
640728
861950
910624
539718
505884
617547
58170
158016
968627
978182
652436
463222
777581
195654
231038
772222
698252
421679
742320
692712
124436
533355
175319
507814
356027
540054
224505
447422
31277
403522
664169
648816
823941
594739
593873
381365
71321
325182
151317
768210
331347
994012
124720
726470
138867
662592
88496
839856
692881
565508
263827
85886
403301
199632
114830
523757
800486
681359
808052
36279
992810
335201
608869
286228
650276
841961
68654
200388
132062
701207
818463
225881
986007
101864
101270
897065
651130
515636
632665
60812
846595
918323
98618
579963
284775
303356
828857
137161
383270
675324
713804
449515
379784
220012
448956
195248
772118
19985
724962
934732
314540
544314
222819
611213
50799
290245
811454
73041
29383
919213
905918
410220
819094
584137
102411
480846
186445
108344
647481
892158
941153
907489
968012
828433
915909
29330
718461
412561
320096
902660
78781
834556
150562
832567
636146
645705
477598
17260
979139
346692
431946
282503
902712
410746
65213
96661
911665
649153
250370
858149
767183
451906
963343
690316
806524
239526
183344
32437
226547
518053
484954
657094
496542
16261
97697
494363
590264
652272
261978
188914
425583
698973
246142
468687
926291
1382
287985
627494
698750
945741
367407
683369
98507
289732
270563
865277
776743
842086
10540
626126
418293
81731
30976
536145
799703
359988
348646
59635
699301
72301
872419
343992
353463
489635
646551
947309
315323
334012
7943
163311
831442
936178
116322
652864
171069
8791
972485
863690
88467
593206
672017
189368
817465
87284
527930
421489
900107
355089
917872
307982
280025
961790
259450
663557
803126
923480
125359
570507
263858
743063
505551
251463
961118
863170
451830
26411
741133
66216
71952
951712
623257
639104
89810
182221
866715
695559
886618
604069
302310
518268
564946
47368
874126
795408
867351
12509
774713
20799
541023
643101
789046
357564
531097
165121
34987
930048
590632
309511
189952
994058
473014
105296
360948
233929
369791
992130
601777
522930
927915
143335
167730
971996
863136
177790
542545
409001
446031
327585
569791
456378
165585
262185
148378
160856
8439
729294
763025
341604
640436
307382
753953
769258
692136
988056
54461
441792
960602
110073
745378
633800
888412
638070
594725
816471
237414
199442
198688
305065
581278
140234
895251
545798
615026
947884
200869
217615
129182
211075
67693
179664
73952
762778
109682
704570
69260
673325
457136
768567
458820
813587
899489
568247
192351
159535
385119
507114
614758
183251
976103
265107
539214
468860
668640
616449
164732